Bear1,2020_Checkers_PositionsBreeding_HR_model.rds,2020_Coca_Cola_PositionsBreeding_HR_model.rds,2020_Rikki_PositionsBreeding_HR_model.rds,2020_Rumple_Cub_V_PositionsBreeding_HR_model.rds,2020_She_Tan_PositionsBreeding_HR_model.rds,2020_Tikki_PositionsBreeding_HR_model.rds,2020_Trouble_PositionsBreeding_HR_model.rds,2020_ZZ_PositionsBreeding_HR_model.rds,2021_Athena_PositionsBreeding_HR_model.rds,2021_BFB_PositionsBreeding_HR_model.rds,2021_Coca_Cola_PositionsBreeding_HR_model.rds,2021_Dahlia_PositionsBreeding_HR_model.rds,2021_Fanta_PositionsBreeding_HR_model.rds,2021_Green_Eggs_PositionsBreeding_HR_model.rds,2021_Ham_PositionsBreeding_HR_model.rds,2021_Maple_PositionsBreeding_HR_model.rds,2021_Mousse_PositionsBreeding_HR_model.rds,2021_Ombre_PositionsBreeding_HR_model.rds,2021_Rattlesnake_PositionsBreeding_HR_model.rds,2021_Rikki_PositionsBreeding_HR_model.rds,2021_She_Tan_PositionsBreeding_HR_model.rds,2021_Split_Ear_PositionsBreeding_HR_model.rds,2021_Squirt_PositionsBreeding_HR_model.rds,2021_Tavi_PositionsBreeding_HR_model.rds,2021_Trouble_PositionsBreeding_HR_model.rds,2021_Wanderer_PositionsBreeding_HR_model.rds,2021_ZZ_PositionsBreeding_HR_model.rds,2022_Athena_PositionsBreeding_HR_model.rds,2022_BFB_PositionsBreeding_HR_model.rds,2022_Checkers_PositionsBreeding_HR_model.rds,2022_Coca_Cola_PositionsBreeding_HR_model.rds,2022_Dahlia_PositionsBreeding_HR_model.rds,2022_Fanta_PositionsBreeding_HR_model.rds,2022_Ham_PositionsBreeding_HR_model.rds,2022_Louise_PositionsBreeding_HR_model.rds,2022_Maple_PositionsBreeding_HR_model.rds,2022_Mousse_PositionsBreeding_HR_model.rds,2022_North_Miller_Sow_1_PositionsBreeding_HR_model.rds,2022_Ombre_PositionsBreeding_HR_model.rds,2022_Rattlesnake_PositionsBreeding_HR_model.rds,2022_Rikki_PositionsBreeding_HR_model.rds,2022_Split_Ear_PositionsBreeding_HR_model.rds,2022_Squirt_PositionsBreeding_HR_model.rds,2022_Trouble_PositionsBreeding_HR_model.rds,2022_Wanderer_PositionsBreeding_HR_model.rds,2022_ZZ_PositionsBreeding_HR_model.rds,2023_Athena1_PositionsBreeding_HR_model.rds,2023_Athena2_PositionsBreeding_HR_model.rds,2023_Blue_PositionsBreeding_HR_model.rds,2023_Blue2_PositionsBreeding_HR_model.rds,2023_Broom_PositionsBreeding_HR_model.rds,2023_Checkers_PositionsBreeding_HR_model.rds,2023_Coca_Cola_PositionsBreeding_HR_model.rds,2023_Dahlia_PositionsBreeding_HR_model.rds,2023_Fanta_PositionsBreeding_HR_model.rds,2023_Hazel_PositionsBreeding_HR_model.rds,2023_Jay_PositionsBreeding_HR_model.rds,2023_JJ_PositionsBreeding_HR_model.rds,2023_Lilac_PositionsBreeding_HR_model.rds,2023_Louise_PositionsBreeding_HR_model.rds,2023_Maple1_PositionsBreeding_HR_model.rds,2023_Maple2_PositionsBreeding_HR_model.rds,2023_Mop_PositionsBreeding_HR_model.rds,2023_Ombre_PositionsBreeding_HR_model.rds,2023_Ruben_PositionsBreeding_HR_model.rds,2023_Skunk_PositionsBreeding_HR_model.rds,2023_Split_Ear_PositionsBreeding_HR_model.rds,2023_SplitEar2_PositionsBreeding_HR_model.rds,2023_Squirt_PositionsBreeding_HR_model.rds,2023_Thorn_PositionsBreeding_HR_model.rds,2023_Trouble_PositionsBreeding_HR_model.rds,2023_ZZ_PositionsBreeding_HR_model.rds,2024_Athena_PositionsBreeding_HR_model.rds,2024_Blue_PositionsBreeding_HR_model.rds,2024_Blue2_2_PositionsBreeding_HR_model.rds,2024_Blue2_PositionsBreeding_HR_model.rds,2024_Broom_PositionsBreeding_HR_model.rds,2024_CocaCola_PositionsBreeding_HR_model.rds,2024_Dahlia_PositionsBreeding_HR_model.rds,2024_Fork_PositionsBreeding_HR_model.rds,2024_Frostbite_PositionsBreeding_HR_model.rds,2024_Goldie_PositionsBreeding_HR_model.rds,2024_LMM_PositionsBreeding_HR_model.rds,2024_Louise_PositionsBreeding_HR_model.rds,2024_Maple_PositionsBreeding_HR_model.rds,2024_MillerSow3_PositionsBreeding_HR_model.rds,2024_Mop_PositionsBreeding_HR_model.rds,2024_Mowgli_PositionsBreeding_HR_model.rds,2024_Ratatouille_PositionsBreeding_HR_model.rds,2024_RJBmale_PositionsBreeding_HR_model.rds,2024_Ruben_PositionsBreeding_HR_model.rds,2024_Skunk_PositionsBreeding_HR_model.rds,2024_SplitEar_2_PositionsBreeding_HR_model.rds,2024_SplitEar1_PositionsBreeding_HR_model.rds,2024_SplitEar2_PositionsBreeding_HR_model.rds,2024_Squirt1_PositionsBreeding_HR_model.rds,2024_Squirt2_PositionsBreeding_HR_model.rds,2024_Tanja_PositionsBreeding_HR_model.rds,2024_Thorn_PositionsBreeding_HR_model.rds,2024_Toothless_PositionsBreeding_HR_model.rds,2024_ZZ_PositionsBreeding_HR_model.rds
2020_Checkers_PositionsBreeding_HR_model.rds,0,0.7895,0.0951,0.1111,0.5846,0.7823,0.6564,0.713,0.3401,0.7152,0.3404,0.2894,0.2433,0.193,0.2393,0.5144,0.8294,0.9692,0.3524,0.0966,0.7504,0.3801,0.2467,0.1002,0.6663,0.3325,0.3178,0.2728,0.7009,0.9989,0.7188,0.4313,0.2646,0.6237,0.0891,0.6657,0.0783,0.0478,0.9056,0.2417,0.123,0.1807,0.4367,0.5136,0,0.2777,0.1821,0.4292,0.3803,0.6204,0.502,0.8324,0.1262,0.4122,0.2041,0.5274,0.7228,0.0111,0.6668,0.0755,0.1827,0.6658,0.5429,0.3885,0.0867,0.7199,0.2878,0.5006,0.6201,0.4291,0.6654,0.5373,0.2042,0.4139,0.0635,0.6449,0.537,0.1095,0.4472,0.63,0.0749,0.3185,0.8726,0.0005,0.7698,0.2012,0.3467,0.368,0.7367,0.861,0.3478,0.0016,0.0429,0.1453,0.3859,0.432,0.5355,0.5059,0.3826,0.8733,0.5178
2020_Coca_Cola_PositionsBreeding_HR_model.rds,0.7895,0,0.305,0.3309,0.6483,0.8107,0.6802,0.9508,0.7402,0.9928,0.6991,0.5447,0.4228,0.4069,0.4936,0.4845,0.8904,0.6606,0.5047,0.3301,0.7564,0.8233,0.407,0.3783,0.9385,0.3952,0.7983,0.7241,0.9855,0.7157,0.9968,0.7789,0.4702,0.7196,0.315,0.5883,0.072,0.2651,0.4634,0.4163,0.4166,0.6066,0.5493,0.9175,0,0.7191,0.5315,0.7642,0.1505,0.259,0.2451,0.3986,0.3508,0.702,0.4004,0.4508,0.4853,0.0806,0.761,0.2237,0.1884,0.5923,0.5592,0.2203,0.2396,0.3327,0.7332,0.286,0.76,0.5297,0.8477,0.9635,0.5756,0.1581,0.0316,0.2964,0.3007,0.2779,0.7873,0.5217,0.3996,0.7383,0.982,0.0016,0.6344,0.4191,0.3384,0.8107,0.7072,0.4776,0.5533,0.0002,0.0229,0.4469,0.7999,0.6701,0.6703,0.8737,0.6053,0.4026,0.8789
2020_Rikki_PositionsBreeding_HR_model.rds,0.0951,0.305,0,0.5645,0.2903,0.1788,0.1544,0.327,0.242,0.2939,0.3407,0.0533,0.0689,0.1271,0.0923,0.0006,0.7253,0.0192,0.0489,0.9715,0.4605,0.3638,0.0074,0.2203,0.2478,0.0003,0.3749,0.3187,0.3133,0.0514,0.3119,0.1764,0.0974,0.5193,0.0072,0.0027,0.0355,0.0423,0.0025,0.0678,0.9256,0.4115,0.0073,0.3469,0,0.3535,0.2426,0.1536,0,0,0,0.0001,0.2992,0.1068,0.1132,0.0003,0.0001,0,0.833,0.0001,0,0.0027,0.0038,0,0.0004,0.0152,0.3428,0,0.048,0.007,0.2856,0.3674,0.1925,0,0,0,0.0001,0.2041,0.1828,0.0024,0.229,0.2831,0.2443,0,0.0052,0.0233,0.0002,0.4462,0.4773,0.0494,0.0836,0,0,0.2001,0.268,0.0409,0.025,0.3359,0.1269,0.0009,0.2861
2020_Rumple_Cub_V_PositionsBreeding_HR_model.rds,0.1111,0.3309,0.5645,0,0.2916,0.2259,0.1969,0.4989,0.1031,0.3711,0.1867,0.017,0.188,0.1029,0.0279,0.0024,0.7163,0.0237,0.0209,0.4599,0.4503,0.2182,0.015,0.4243,0.3242,0.0112,0.3877,0.1837,0.4042,0.0713,0.3052,0.0945,0.186,0.5067,0.0004,0.0078,0.0582,0.0074,0.0051,0.0393,0.6028,0.1953,0.0059,0.4872,0,0.4544,0.0615,0.0602,0,0,0.0001,0.0002,0.1807,0.0414,0.293,0.0039,0.0005,0.1427,0.8223,0,0.6443,0.0064,0.0259,0.0002,0,0.0263,0.1696,0,0.0349,0.0474,0.3227,0.4109,0.0458,0,0.3047,0,0.0014,0.7893,0.0954,0.0104,0.2912,0.1315,0.2942,0.1771,0.0084,0.0038,0.0453,0.6319,0.4855,0.0626,0.0412,0.0264,0.2871,0.0317,0.1409,0.0447,0.0159,0.3949,0.3105,0.0014,0.3492
2020_She_Tan_PositionsBreeding_HR_model.rds,0.5846,0.6483,0.2903,0.2916,0,0.8835,0.921,0.8083,0.5725,0.5944,0.4173,0.3769,0.2301,0.2718,0.3461,0.2367,0.9725,0.4237,0.6249,0.3288,0.966,0.5704,0.2776,0.6519,0.4966,0.2236,0.7344,0.6319,0.6529,0.5265,0.6462,0.5718,0.2532,0.8035,0.5582,0.2778,0.8354,0.4977,0.3943,0.8047,0.3872,0.5678,0.3617,0.6086,0.6108,0.7318,0.4879,0.4921,0.1434,0.2344,0.1965,0.3418,0.2978,0.4832,0.2322,0.2034,0.2748,0.3407,0.8045,0.4585,0.1006,0.2843,0.253,0.1212,0.4673,0.4517,0.5883,0.2033,0.4351,0.2505,0.6627,0.7022,0.5448,0.163,0.0203,0.2502,0.2319,0.1995,0.5408,0.2772,0.7026,0.5672,0.7333,0.0138,0.3496,0.5911,0.1605,0.5821,0.9466,0.7134,0.7424,0.0024,0.0243,0.4289,0.6022,0.3864,0.3917,0.4677,0.3382,0.4757,0.7872
2020_Tikki_PositionsBreeding_HR_model.rds,0.7823,0.8107,0.1788,0.2259,0.8835,0,0.9873,0.9588,0.4931,0.712,0.3568,0.2847,0.1931,0.1917,0.2486,0.2674,0.9622,0.5855,0.5147,0.2016,0.8881,0.521,0.1992,0.5133,0.5933,0.1948,0.7422,0.551,0.807,0.7127,0.7611,0.5164,0.2195,0.8756,0.3526,0.3597,0.2521,0.2761,0.5269,0.7196,0.2618,0.4383,0.3105,0.6832,0.0001,0.7128,0.3471,0.4347,0.2646,0.3532,0.3693,0.4486,0.1855,0.4097,0.1838,0.3181,0.3637,0.12,0.8472,0.2432,0.0941,0.3578,0.346,0.2215,0.2543,0.6002,0.5,0.2375,0.4318,0.3155,0.8661,0.7955,0.4065,0.2919,0.0312,0.3273,0.4271,0.1371,0.4881,0.4495,0.5458,0.4809,0.9513,0.0017,0.4154,0.429,0.2448,0.5868,0.8016,0.7618,0.6895,0.0025,0.0204,0.2792,0.5477,0.3467,0.3641,0.4922,0.3794,0.5133,0.9079
2020_Trouble_PositionsBreeding_HR_model.rds,0.6564,0.6802,0.1544,0.1969,0.921,0.9873,0,0.9054,0.4118,0.5993,0.2999,0.2361,0.1676,0.1621,0.207,0.2353,0.9349,0.4945,0.4487,0.174,0.9205,0.437,0.1667,0.4797,0.5002,0.1682,0.6683,0.4696,0.6809,0.5976,0.6414,0.4317,0.1909,0.9043,0.3005,0.3147,0.3095,0.2399,0.4532,0.7646,0.2269,0.372,0.2599,0.5837,0.0004,0.6449,0.2882,0.3618,0.2439,0.3161,0.3281,0.3914,0.155,0.3407,0.1574,0.2816,0.3193,0.1064,0.8583,0.1995,0.0831,0.3127,0.305,0.2015,0.2082,0.5037,0.4211,0.2144,0.3657,0.2788,0.7662,0.6871,0.3389,0.2672,0.0303,0.2939,0.3739,0.1144,0.4073,0.3902,0.5166,0.4022,0.8367,0.0014,0.3596,0.3618,0.2162,0.5058,0.7998,0.6609,0.6464,0.0031,0.0189,0.2317,0.46,0.2927,0.3091,0.4183,0.3316,0.4514,0.8275
2020_ZZ_PositionsBreeding_HR_model.rds,0.713,0.9508,0.327,0.4989,0.8083,0.9588,0.9054,0,0.7509,0.9027,0.5909,0.5352,0.4669,0.3549,0.4475,0.6485,0.9192,0.6438,0.7495,0.3592,0.8241,0.7745,0.4598,0.7569,0.8115,0.5505,0.9758,0.8208,0.9486,0.6562,0.9454,0.7808,0.5103,0.8923,0.6799,0.6862,0.1445,0.6022,0.5616,0.7893,0.4688,0.6732,0.6495,0.8978,0,0.9371,0.5563,0.696,0.5658,0.5801,0.5589,0.5899,0.2721,0.6921,0.3991,0.6623,0.6638,0.4338,0.8923,0.5878,0.4017,0.687,0.6837,0.5973,0.6054,0.4064,0.7503,0.6228,0.7269,0.6745,0.894,0.9883,0.6513,0.5606,0.2996,0.6173,0.5456,0.2212,0.7554,0.6394,0.8036,0.7293,0.9723,0.0106,0.6943,0.7297,0.6205,0.8433,0.6984,0.4763,0.8416,0.1245,0.229,0.442,0.8107,0.6462,0.6919,0.7622,0.699,0.5663,0.9983
2021_Athena_PositionsBreeding_HR_model.rds,0.3401,0.7402,0.242,0.1031,0.5725,0.4931,0.4118,0.7509,0,0.6507,0.7791,0.7973,0.2835,0.504,0.7345,0.1292,0.8668,0.1659,0.647,0.2829,0.673,0.9898,0.5308,0.121,0.5077,0.2333,0.7115,0.963,0.6109,0.2172,0.8362,0.9737,0.2931,0.7172,0.5473,0.1157,0.0262,0.2966,0.0467,0.4716,0.3246,0.8399,0.5157,0.5622,0,0.4878,0.9062,0.934,0.0002,0.004,0.0015,0.0271,0.54,0.8974,0.3408,0.0332,0.0581,0.0479,0.8765,0.4263,0.0596,0.1321,0.0763,0.0017,0.4676,0.0373,0.981,0.0178,0.5655,0.0907,0.6139,0.7604,0.9426,0.0003,0.0002,0.0078,0.005,0.3714,0.9572,0.0471,0.228,0.9986,0.6517,0.0028,0.1704,0.7061,0.0153,0.4745,0.6494,0.1664,0.6712,0,0.001,0.7762,0.9988,0.6249,0.5258,0.5665,0.1573,0.0494,0.621
2021_BFB_PositionsBreeding_HR_model.rds,0.7152,0.9928,0.2939,0.3711,0.5944,0.712,0.5993,0.9027,0.6507,0,0.7145,0.5304,0.4774,0.4223,0.4826,0.4784,0.8776,0.5691,0.4279,0.304,0.7288,0.7638,0.4168,0.3825,0.9706,0.4209,0.7125,0.6015,0.9829,0.6346,0.9803,0.719,0.5319,0.6616,0.1603,0.5607,0.0811,0.1293,0.3446,0.3008,0.396,0.4823,0.5568,0.9475,0,0.6801,0.4245,0.7352,0.0589,0.1389,0.1341,0.2772,0.3193,0.6726,0.4448,0.4018,0.4056,0.0231,0.7325,0.1119,0.196,0.5672,0.5587,0.1329,0.1286,0.2269,0.631,0.2155,0.7712,0.5653,0.7428,0.9257,0.4484,0.0616,0.017,0.1861,0.1943,0.2778,0.7453,0.46,0.313,0.652,0.9436,0.0006,0.5995,0.2951,0.318,0.8509,0.6983,0.3978,0.4299,0,0.0168,0.3523,0.7129,0.7037,0.6861,0.928,0.6734,0.3026,0.8119
2021_Coca_Cola_PositionsBreeding_HR_model.rds,0.3404,0.6991,0.3407,0.1867,0.4173,0.3568,0.2999,0.5909,0.7791,0.7145,0,0.8502,0.6557,0.8618,0.8957,0.1746,0.801,0.1888,0.3349,0.3329,0.5902,0.8884,0.6795,0.1218,0.6793,0.3164,0.5541,0.6643,0.6258,0.242,0.7605,0.7783,0.6689,0.6521,0.0947,0.1636,0.0403,0.0587,0.0516,0.2074,0.3922,0.5715,0.4906,0.6436,0,0.4406,0.6079,0.9006,0,0.002,0.0011,0.0194,0.6397,0.812,0.7486,0.0496,0.0543,0.001,0.8697,0.0417,0.0745,0.1812,0.1353,0.0006,0.0664,0.0561,0.7556,0.0079,0.6303,0.1855,0.5093,0.6744,0.5784,0.0001,0,0.0032,0.0062,0.6103,0.8347,0.071,0.1364,0.8054,0.5503,0.0001,0.202,0.2331,0.0256,0.6018,0.5943,0.1611,0.3141,0,0.0001,0.5451,0.7861,0.7886,0.6028,0.8241,0.3236,0.0388,0.5015
2021_Dahlia_PositionsBreeding_HR_model.rds,0.2894,0.5447,0.0533,0.017,0.3769,0.2847,0.2361,0.5352,0.7973,0.5304,0.8502,0,0.3145,0.6477,0.9585,0.1084,0.7702,0.1508,0.4477,0.0596,0.5574,0.8034,0.8895,0.0357,0.4498,0.2783,0.4113,0.5977,0.4414,0.1945,0.6258,0.8288,0.2957,0.6003,0.1259,0.0898,0.0269,0.0185,0.0329,0.2258,0.0869,0.4235,0.6337,0.4207,0,0.2737,0.5805,0.9378,0,0.0006,0.0001,0.0125,0.4083,0.9297,0.3937,0.0147,0.0318,0,0.865,0.0627,0.0372,0.1095,0.0439,0,0.1072,0.0407,0.6798,0.0026,0.6299,0.0593,0.4242,0.5013,0.5906,0,0,0.0009,0.0013,0.3435,0.8767,0.0303,0.0531,0.7729,0.4396,0.0001,0.1477,0.3517,0.0031,0.3268,0.5513,0.1348,0.3628,0,0,0.4674,0.7677,0.8038,0.6333,0.5222,0.0947,0.0314,0.3722
2021_Fanta_PositionsBreeding_HR_model.rds,0.2433,0.4228,0.0689,0.188,0.2301,0.1931,0.1676,0.4669,0.2835,0.4774,0.6557,0.3145,0,0.5436,0.3193,0.1499,0.6441,0.1551,0.0978,0.0426,0.4656,0.4078,0.2337,0.0584,0.5398,0.2094,0.2626,0.2385,0.3996,0.1962,0.4389,0.34,0.9733,0.5385,0.0014,0.1733,0.0404,0.0004,0.0471,0.068,0.0876,0.146,0.2091,0.4272,0,0.2321,0.104,0.4411,0,0.0008,0.0006,0.0121,0.1028,0.3389,0.9262,0.058,0.0367,0,0.8435,0,0.0249,0.1804,0.1781,0,0.0002,0.0649,0.2692,0.0009,0.4164,0.2699,0.3011,0.3743,0.1149,0,0,0.0008,0.006,0.2139,0.3811,0.081,0.0372,0.303,0.3192,0,0.1729,0.0241,0.0314,0.4026,0.4743,0.1157,0.098,0,0,0.0592,0.3206,0.6014,0.3723,0.6688,0.3652,0.0272,0.2696
2021_Green_Eggs_PositionsBreeding_HR_model.rds,0.193,0.4069,0.1271,0.1029,0.2718,0.1917,0.1621,0.3549,0.504,0.4223,0.8618,0.6477,0.5436,0,0.8129,0.0412,0.6957,0.0896,0.1783,0.118,0.4788,0.5953,0.4677,0.0569,0.4114,0.0752,0.3251,0.4153,0.3616,0.13,0.4493,0.4901,0.5268,0.5321,0.0224,0.0486,0.03,0.0075,0.0176,0.109,0.1705,0.3531,0.2213,0.3826,0,0.2528,0.3952,0.6173,0,0.0001,0,0.0032,0.5948,0.5278,0.7981,0.0081,0.0086,0,0.842,0.0017,0.0016,0.0561,0.0343,0,0.0073,0.0347,0.4904,0.0001,0.3536,0.0601,0.3047,0.3949,0.3557,0,0,0.0001,0.0008,0.7758,0.5394,0.0203,0.06,0.5332,0.3066,0,0.0713,0.0984,0.0027,0.363,0.4805,0.0899,0.1656,0,0,0.3526,0.4982,0.5017,0.3247,0.5439,0.1581,0.0116,0.282
2021_Ham_PositionsBreeding_HR_model.rds,0.2393,0.4936,0.0923,0.0279,0.3461,0.2486,0.207,0.4475,0.7345,0.4826,0.8957,0.9585,0.3193,0.8129,0,0.0588,0.7533,0.1117,0.3337,0.1045,0.533,0.7712,0.7709,0.0484,0.4224,0.1519,0.4011,0.5762,0.4121,0.155,0.5622,0.7178,0.3125,0.5777,0.0873,0.0546,0.0274,0.0222,0.0212,0.1827,0.1417,0.4682,0.4329,0.409,0,0.2815,0.6098,0.8526,0,0.0002,0,0.0059,0.6001,0.7987,0.4726,0.0073,0.015,0,0.8587,0.0257,0.0096,0.0672,0.0272,0,0.0554,0.0339,0.6679,0.0005,0.4892,0.0422,0.385,0.4736,0.5766,0,0,0.0002,0.0007,0.5407,0.7687,0.0196,0.0671,0.7389,0.3865,0,0.0941,0.2514,0.0012,0.3489,0.53,0.1113,0.2877,0,0,0.5448,0.7026,0.6507,0.4773,0.5216,0.1008,0.0182,0.3459
2021_Maple_PositionsBreeding_HR_model.rds,0.5144,0.4845,0.0006,0.0024,0.2367,0.2674,0.2353,0.6485,0.1292,0.4784,0.1746,0.1084,0.1499,0.0412,0.0588,0,0.5659,0.5998,0.0788,0.0003,0.5156,0.1833,0.1053,0.0079,0.5076,0.5453,0.1472,0.0798,0.403,0.5241,0.4641,0.2188,0.1374,0.5864,0.0003,0.8918,0.0459,0,0.3769,0.0691,0.0013,0.0162,0.3631,0.2874,0,0.1165,0.01,0.2931,0.0052,0.1155,0.033,0.3239,0.0026,0.2157,0.061,0.4002,0.7,0,0.8525,0,0.5542,0.9273,0.5102,0.0582,0,0.2141,0.0855,0.3676,0.6342,0.3011,0.3904,0.2938,0.0232,0.0108,0.0085,0.2,0.0707,0.0033,0.2453,0.3587,0.0036,0.1088,0.4172,0,0.87,0.0107,0.0852,0.1752,0.5025,0.2705,0.0991,0,0.009,0.0037,0.1779,0.3384,0.5695,0.3792,0.1256,0.3084,0.2413
2021_Mousse_PositionsBreeding_HR_model.rds,0.8294,0.8904,0.7253,0.7163,0.9725,0.9622,0.9349,0.9192,0.8668,0.8776,0.801,0.7702,0.6441,0.6957,0.7533,0.5659,0,0.6886,0.8751,0.7549,0.9115,0.8682,0.6869,0.8891,0.8387,0.5959,0.9014,0.8842,0.8959,0.781,0.8906,0.8657,0.6721,0.8033,0.8525,0.5976,0.789,0.8331,0.6387,0.8813,0.7927,0.8659,0.74,0.8867,0.1313,0.9025,0.8342,0.8338,0.2574,0.4033,0.3309,0.5863,0.7234,0.8288,0.6507,0.4659,0.5384,0.7471,0.9135,0.8102,0.3505,0.6098,0.6019,0.1983,0.8147,0.7534,0.8732,0.4382,0.7925,0.6352,0.7834,0.9036,0.8562,0.3062,0.0372,0.4651,0.4252,0.6116,0.8548,0.5827,0.8923,0.8662,0.9147,0.2111,0.6798,0.8656,0.431,0.8789,0.9514,0.9078,0.8987,0.0292,0.0893,0.807,0.8767,0.7695,0.765,0.8298,0.7494,0.7615,0.9037
2021_Ombre_PositionsBreeding_HR_model.rds,0.9692,0.6606,0.0192,0.0237,0.4237,0.5855,0.4945,0.6438,0.1659,0.5691,0.1888,0.1508,0.1551,0.0896,0.1117,0.5998,0.6886,0,0.1483,0.0173,0.6744,0.2047,0.1442,0.0222,0.5561,0.3014,0.1782,0.1137,0.5581,0.9873,0.5719,0.2472,0.164,0.5916,0.0113,0.7718,0.0685,0.0031,0.955,0.1168,0.0249,0.0499,0.3265,0.3488,0,0.152,0.0498,0.2742,0.3692,0.7123,0.4765,0.9253,0.0347,0.2431,0.1088,0.5735,0.8901,0.0002,0.6739,0.0076,0.2021,0.7697,0.5483,0.4626,0.0105,0.6591,0.124,0.6456,0.5299,0.3573,0.5872,0.3746,0.0639,0.4027,0.0888,0.7814,0.4887,0.0372,0.2675,0.6186,0.0136,0.1478,0.7064,0,0.8511,0.0529,0.3024,0.211,0.6676,0.7055,0.1666,0.0005,0.0508,0.0349,0.2088,0.2977,0.4456,0.3645,0.241,0.8331,0.3618
2021_Rattlesnake_PositionsBreeding_HR_model.rds,0.3524,0.5047,0.0489,0.0209,0.6249,0.5147,0.4487,0.7495,0.647,0.4279,0.3349,0.4477,0.0978,0.1783,0.3337,0.0788,0.8751,0.1483,0,0.0563,0.6996,0.5719,0.3099,0.0237,0.2538,0.161,0.3968,0.5494,0.3674,0.222,0.6007,0.7732,0.0968,0.7121,0.3243,0.0683,0.0128,0.0551,0.0418,0.6156,0.0667,0.3157,0.4817,0.2874,0,0.2096,0.397,0.5631,0.0001,0.0031,0.0005,0.0331,0.1588,0.6507,0.112,0.0141,0.0482,0.005,0.8881,0.3156,0.0376,0.0822,0.0311,0.0007,0.3653,0.0269,0.5111,0.0173,0.4538,0.0328,0.4024,0.4613,0.4621,0.0001,0.0001,0.0077,0.0019,0.1094,0.7081,0.0239,0.0501,0.5706,0.5862,0.0011,0.1387,0.8267,0.0048,0.1716,0.6609,0.1953,0.8794,0,0.0015,0.2684,0.6639,0.4462,0.4054,0.24,0.0445,0.0774,0.4284
2021_Rikki_PositionsBreeding_HR_model.rds,0.0966,0.3301,0.9715,0.4599,0.3288,0.2016,0.174,0.3592,0.2829,0.304,0.3329,0.0596,0.0426,0.118,0.1045,0.0003,0.7549,0.0173,0.0563,0,0.4879,0.4045,0.0077,0.25,0.2437,0.0001,0.429,0.3743,0.3354,0.0492,0.3386,0.194,0.0647,0.5456,0.0183,0.0018,0.0369,0.0876,0.002,0.0836,0.9587,0.4983,0.0063,0.3613,0,0.3972,0.3129,0.1681,0,0,0,0.0001,0.3709,0.1154,0.0747,0.0002,0.0001,0,0.8419,0.0007,0,0.0019,0.0026,0,0.0017,0.0136,0.4013,0,0.0441,0.0046,0.3178,0.4055,0.2553,0,0,0,0.0001,0.1921,0.1979,0.0018,0.2794,0.3259,0.2678,0,0.0039,0.035,0.0001,0.4664,0.503,0.0509,0.1028,0,0,0.2949,0.3077,0.0324,0.0224,0.3233,0.1072,0.0007,0.3207
2021_She_Tan_PositionsBreeding_HR_model.rds,0.7504,0.7564,0.4605,0.4503,0.966,0.8881,0.9205,0.8241,0.673,0.7288,0.5902,0.5574,0.4656,0.4788,0.533,0.5156,0.9115,0.6744,0.6996,0.4879,0,0.6766,0.4914,0.68,0.6805,0.4732,0.7673,0.7017,0.7589,0.7254,0.7456,0.6807,0.4866,0.8574,0.6308,0.5666,0.7879,0.5787,0.6539,0.8198,0.5338,0.6544,0.562,0.7224,0.7472,0.7613,0.6064,0.6385,0.4621,0.5473,0.5375,0.6132,0.4759,0.6317,0.4539,0.5167,0.5672,0.442,0.8151,0.5655,0.3397,0.5682,0.5482,0.4244,0.5732,0.685,0.6784,0.4877,0.6289,0.5272,0.804,0.7675,0.6426,0.4853,0.1653,0.5434,0.5735,0.3886,0.6661,0.5936,0.7198,0.6695,0.8103,0.0644,0.6066,0.6676,0.4383,0.6872,0.9324,0.7989,0.7744,0.0233,0.1599,0.5639,0.6941,0.5858,0.5978,0.6444,0.5707,0.6643,0.8213
2021_Split_Ear_PositionsBreeding_HR_model.rds,0.3801,0.8233,0.3638,0.2182,0.5704,0.521,0.437,0.7745,0.9898,0.7638,0.8884,0.8034,0.4078,0.5953,0.7712,0.1833,0.8682,0.2047,0.5719,0.4045,0.6766,0,0.5564,0.1932,0.6436,0.2862,0.775,0.9498,0.7189,0.2581,0.9015,0.9535,0.431,0.7236,0.4399,0.1731,0.0347,0.3009,0.0656,0.4196,0.4691,0.8606,0.5281,0.6922,0,0.5839,0.8753,0.9494,0.0008,0.0076,0.0044,0.0377,0.6015,0.8918,0.4628,0.0661,0.0845,0.051,0.863,0.3238,0.0855,0.1902,0.1404,0.005,0.3583,0.0507,0.9851,0.028,0.6223,0.1691,0.6502,0.846,0.8948,0.001,0.0005,0.0136,0.012,0.4438,0.9555,0.0822,0.2887,0.9955,0.7079,0.0022,0.2226,0.581,0.0407,0.631,0.6562,0.1854,0.5972,0,0.0016,0.7698,0.9935,0.6894,0.5789,0.728,0.2786,0.0609,0.6849
2021_Squirt_PositionsBreeding_HR_model.rds,0.2467,0.407,0.0074,0.015,0.2776,0.1992,0.1667,0.4598,0.5308,0.4168,0.6795,0.8895,0.2337,0.4677,0.7709,0.1053,0.6869,0.1442,0.3099,0.0077,0.4914,0.5564,0,0.0181,0.3652,0.3331,0.2668,0.3537,0.3286,0.1775,0.4652,0.6051,0.2065,0.528,0.0251,0.0844,0.0244,0.0009,0.032,0.1394,0.0197,0.1919,0.6983,0.3096,0,0.1767,0.256,0.746,0,0.0003,0,0.012,0.1391,0.7555,0.2699,0.0098,0.0295,0,0.838,0.0027,0.0172,0.1071,0.0312,0,0.0111,0.0421,0.4164,0.0011,0.6106,0.0429,0.3156,0.3499,0.3008,0,0,0.0004,0.0007,0.1209,0.6678,0.0263,0.0206,0.4987,0.3229,0,0.1513,0.1646,0.001,0.2288,0.4783,0.1139,0.2304,0,0,0.1697,0.5223,0.812,0.6544,0.4172,0.0583,0.032,0.2551
2021_Tavi_PositionsBreeding_HR_model.rds,0.1002,0.3783,0.2203,0.4243,0.6519,0.5133,0.4797,0.7569,0.121,0.3825,0.1218,0.0357,0.0584,0.0569,0.0484,0.0079,0.8891,0.0222,0.0237,0.25,0.68,0.1932,0.0181,0,0.2571,0.0082,0.6942,0.2104,0.5454,0.0651,0.3158,0.0864,0.0767,0.5217,0.0399,0.0161,0.1512,0.1556,0.0079,0.079,0.3472,0.2394,0.0107,0.5811,0,0.8851,0.1082,0.0689,0.0006,0.0005,0.0057,0.0014,0.0848,0.0508,0.0636,0.0175,0.0036,0.0612,0.5448,0.0135,0.0024,0.0143,0.0473,0.0016,0.0113,0.0241,0.1958,0.0004,0.0342,0.0707,0.4249,0.572,0.1108,0.0004,0,0.0005,0.0149,0.0569,0.0859,0.0383,0.8543,0.1414,0.4624,0.0002,0.0134,0.0221,0.0265,0.6952,0.6415,0.0736,0.0705,0,0,0.1004,0.1507,0.0415,0.0234,0.253,0.2061,0.0023,0.686
2021_Trouble_PositionsBreeding_HR_model.rds,0.6663,0.9385,0.2478,0.3242,0.4966,0.5933,0.5002,0.8115,0.5077,0.9706,0.6793,0.4498,0.5398,0.4114,0.4224,0.5076,0.8387,0.5561,0.2538,0.2437,0.6805,0.6436,0.3652,0.2571,0,0.4064,0.5714,0.4618,0.9349,0.6109,0.8973,0.5769,0.6077,0.6228,0.0753,0.6301,0.0862,0.0647,0.3308,0.1865,0.3235,0.3592,0.4463,0.9044,0,0.5603,0.3089,0.6392,0.0679,0.131,0.1689,0.238,0.2688,0.548,0.4827,0.5274,0.4026,0.0074,0.7289,0.0461,0.2024,0.622,0.7103,0.1685,0.0565,0.2559,0.4962,0.1732,0.705,0.729,0.7196,0.8195,0.3181,0.068,0.0165,0.156,0.2465,0.259,0.614,0.5741,0.1901,0.5217,0.8403,0.0002,0.587,0.1549,0.447,0.8014,0.68,0.3664,0.2655,0,0.0095,0.2574,0.5688,0.6733,0.6181,0.9643,0.7989,0.2253,0.6873
2021_Wanderer_PositionsBreeding_HR_model.rds,0.3325,0.3952,0.0003,0.0112,0.2236,0.1948,0.1682,0.5505,0.2333,0.4209,0.3164,0.2783,0.2094,0.0752,0.1519,0.5453,0.5959,0.3014,0.161,0.0001,0.4732,0.2862,0.3331,0.0082,0.4064,0,0.1686,0.1357,0.3215,0.2974,0.4216,0.3473,0.1665,0.5382,0.0009,0.37,0.0304,0,0.116,0.0877,0.0011,0.0323,0.7365,0.2664,0,0.1182,0.0241,0.4541,0,0.006,0.0007,0.0718,0.0024,0.414,0.0861,0.0798,0.1932,0,0.8435,0,0.45,0.4274,0.1641,0.0001,0.0001,0.0894,0.1545,0.0325,0.7399,0.1461,0.2997,0.2783,0.0567,0,0,0.0106,0.0062,0.0016,0.3964,0.109,0.0048,0.1971,0.3226,0,0.4771,0.0327,0.0123,0.1731,0.4511,0.1597,0.1407,0,0,0.0076,0.2759,0.6186,0.7953,0.3801,0.0748,0.1141,0.2113
2021_ZZ_PositionsBreeding_HR_model.rds,0.3178,0.7983,0.3749,0.3877,0.7344,0.7422,0.6683,0.9758,0.7115,0.7125,0.5541,0.4113,0.2626,0.3251,0.4011,0.1472,0.9014,0.1782,0.3968,0.429,0.7673,0.775,0.2668,0.6942,0.5714,0.1686,0,0.8263,0.8068,0.2266,0.8072,0.6318,0.2964,0.762,0.4682,0.1644,0.0637,0.5084,0.0813,0.4933,0.5353,0.7867,0.2842,0.7696,0,0.9635,0.6108,0.5755,0.0094,0.024,0.0252,0.0575,0.371,0.5127,0.2817,0.103,0.0981,0.1903,0.7011,0.2996,0.0626,0.1698,0.1751,0.024,0.302,0.0566,0.7954,0.0461,0.3789,0.202,0.7488,0.9516,0.6704,0.0097,0.0029,0.0343,0.0424,0.2578,0.611,0.126,0.8594,0.7281,0.7758,0.0024,0.186,0.4387,0.0869,0.7991,0.6599,0.1685,0.5593,0,0.0037,0.5333,0.758,0.3886,0.3349,0.6024,0.3416,0.0723,0.9518
2022_Athena_PositionsBreeding_HR_model.rds,0.2728,0.7241,0.3187,0.1837,0.6319,0.551,0.4696,0.8208,0.963,0.6015,0.6643,0.5977,0.2385,0.4153,0.5762,0.0798,0.8842,0.1137,0.5494,0.3743,0.7017,0.9498,0.3537,0.2104,0.4618,0.1357,0.8263,0,0.6208,0.1607,0.8018,0.8548,0.2586,0.7323,0.7146,0.0788,0.0282,0.4833,0.0302,0.5598,0.4319,0.9501,0.3152,0.5739,0,0.5971,0.907,0.7748,0.0003,0.0026,0.0019,0.0149,0.5164,0.7009,0.2919,0.0288,0.0341,0.1149,0.855,0.5324,0.0336,0.0872,0.0683,0.0018,0.5497,0.0269,0.9911,0.009,0.3895,0.0876,0.6677,0.8123,0.9635,0.0003,0.0001,0.0044,0.0057,0.3377,0.8093,0.0399,0.3806,0.9683,0.6552,0.0041,0.1067,0.7082,0.0193,0.5328,0.66,0.1369,0.7124,0,0.0004,0.7894,0.9689,0.4343,0.3463,0.5228,0.1802,0.0275,0.7016
2022_BFB_PositionsBreeding_HR_model.rds,0.7009,0.9855,0.3133,0.4042,0.6529,0.807,0.6809,0.9486,0.6109,0.9829,0.6258,0.4414,0.3996,0.3616,0.4121,0.403,0.8959,0.5581,0.3674,0.3354,0.7589,0.7189,0.3286,0.5454,0.9349,0.3215,0.8068,0.6208,0,0.6337,0.9479,0.6367,0.4549,0.6484,0.221,0.513,0.1095,0.2191,0.3787,0.3189,0.4361,0.5355,0.4241,0.9804,0,0.8115,0.4369,0.6337,0.1265,0.1997,0.2361,0.3071,0.3088,0.565,0.377,0.4358,0.3918,0.0617,0.6679,0.1476,0.1537,0.509,0.5538,0.1948,0.1584,0.307,0.6305,0.2096,0.6265,0.5548,0.8297,0.9662,0.4657,0.1304,0.0236,0.2205,0.3084,0.2518,0.6489,0.5342,0.4801,0.6222,0.9664,0.001,0.5225,0.2948,0.3625,0.9053,0.7013,0.426,0.4186,0.0001,0.0153,0.3709,0.6719,0.5697,0.5437,0.8648,0.6819,0.2999,0.9111
2022_Checkers_PositionsBreeding_HR_model.rds,0.9989,0.7157,0.0514,0.0713,0.5265,0.7127,0.5976,0.6562,0.2172,0.6346,0.242,0.1945,0.1962,0.13,0.155,0.5241,0.781,0.9873,0.222,0.0492,0.7254,0.2581,0.1775,0.0651,0.6109,0.2974,0.2266,0.1607,0.6337,0,0.6237,0.3016,0.2143,0.5861,0.029,0.694,0.0822,0.0131,0.9464,0.1621,0.066,0.0902,0.3529,0.4348,0,0.2086,0.0895,0.3162,0.3934,0.6638,0.5284,0.8861,0.0676,0.2935,0.1523,0.5686,0.7776,0.0018,0.6162,0.0235,0.18,0.6892,0.5622,0.4326,0.0291,0.7158,0.174,0.5505,0.5414,0.4254,0.6214,0.4427,0.1047,0.4246,0.0718,0.7075,0.5638,0.0656,0.3207,0.6678,0.0365,0.1999,0.8045,0.0001,0.7844,0.0967,0.3696,0.2923,0.7158,0.8339,0.2331,0.0011,0.047,0.0689,0.2609,0.3391,0.4588,0.4282,0.3518,0.9015,0.4378
2022_Coca_Cola_PositionsBreeding_HR_model.rds,0.7188,0.9968,0.3119,0.3052,0.6462,0.7611,0.6414,0.9454,0.8362,0.9803,0.7605,0.6258,0.4389,0.4493,0.5622,0.4641,0.8906,0.5719,0.6007,0.3386,0.7456,0.9015,0.4652,0.3158,0.8973,0.4216,0.8072,0.8018,0.9479,0.6237,0,0.8766,0.4809,0.7492,0.3669,0.5289,0.0557,0.276,0.3594,0.4683,0.4207,0.664,0.618,0.8781,0,0.6842,0.6082,0.8511,0.0797,0.1697,0.1414,0.3074,0.3918,0.7984,0.4237,0.3574,0.4149,0.0778,0.8143,0.2701,0.1905,0.5414,0.4762,0.1453,0.2917,0.2265,0.8133,0.2421,0.8067,0.4598,0.8004,0.9594,0.6584,0.0842,0.022,0.2192,0.1839,0.3065,0.8817,0.3989,0.3625,0.8275,0.9575,0.0019,0.5949,0.5092,0.2592,0.7695,0.702,0.4028,0.6354,0.0001,0.0204,0.5079,0.8892,0.7313,0.7237,0.8658,0.5329,0.3352,0.8519
2022_Dahlia_PositionsBreeding_HR_model.rds,0.4313,0.7789,0.1764,0.0945,0.5718,0.5164,0.4317,0.7808,0.9737,0.719,0.7783,0.8288,0.34,0.4901,0.7178,0.2188,0.8657,0.2472,0.7732,0.194,0.6807,0.9535,0.6051,0.0864,0.5769,0.3473,0.6318,0.8548,0.6367,0.3016,0.8766,0,0.347,0.7181,0.4256,0.1996,0.0281,0.145,0.0837,0.4841,0.2322,0.642,0.6827,0.5774,0,0.4241,0.7373,0.9653,0.001,0.0106,0.0051,0.055,0.4229,0.9701,0.3685,0.0703,0.1122,0.0153,0.8843,0.3636,0.105,0.2227,0.138,0.0062,0.4178,0.0571,0.8747,0.0403,0.7266,0.1514,0.6003,0.7395,0.7885,0.0013,0.0007,0.0198,0.0128,0.3206,0.9976,0.0874,0.1416,0.9395,0.7038,0.0018,0.2768,0.7346,0.0375,0.4528,0.6579,0.2121,0.7136,0,0.0024,0.5837,0.9778,0.7692,0.6842,0.6145,0.1995,0.0896,0.603
2022_Fanta_PositionsBreeding_HR_model.rds,0.2646,0.4702,0.0974,0.186,0.2532,0.2195,0.1909,0.5103,0.2931,0.5319,0.6689,0.2957,0.9733,0.5268,0.3125,0.1374,0.6721,0.164,0.0968,0.0647,0.4866,0.431,0.2065,0.0767,0.6077,0.1665,0.2964,0.2586,0.4549,0.2143,0.4809,0.347,0,0.5582,0.0021,0.1858,0.0465,0.0008,0.052,0.0716,0.1214,0.1677,0.1768,0.4926,0,0.2715,0.1187,0.4357,0,0.001,0.0014,0.0125,0.132,0.3296,0.9089,0.0788,0.0375,0,0.8494,0,0.0199,0.1865,0.2337,0.0002,0.0004,0.0725,0.2881,0.0008,0.4026,0.3539,0.3376,0.4223,0.1245,0,0,0.0009,0.01,0.251,0.3856,0.1034,0.0481,0.3182,0.3584,0,0.1739,0.0257,0.0591,0.4743,0.5011,0.1276,0.1012,0,0,0.0733,0.3346,0.5809,0.3428,0.7452,0.4845,0.0273,0.3074
2022_Ham_PositionsBreeding_HR_model.rds,0.6237,0.7196,0.5193,0.5067,0.8035,0.8756,0.9043,0.8923,0.7172,0.6616,0.6521,0.6003,0.5385,0.5321,0.5777,0.5864,0.8033,0.5916,0.7121,0.5456,0.8574,0.7236,0.528,0.5217,0.6228,0.5382,0.762,0.7323,0.6484,0.5861,0.7492,0.7181,0.5582,0,0.4921,0.6013,0.0256,0.5582,0.5592,0.9211,0.5911,0.6855,0.6187,0.6061,0,0.6455,0.6226,0.6907,0.444,0.5277,0.4368,0.586,0.5053,0.6808,0.5215,0.5314,0.5996,0.3121,0.8972,0.3513,0.3973,0.6079,0.5586,0.4678,0.372,0.364,0.7202,0.5608,0.6794,0.5477,0.7349,0.7371,0.6626,0.4512,0.2455,0.5723,0.4194,0.4147,0.7115,0.4994,0.6453,0.7099,0.7589,0.0025,0.638,0.6228,0.4764,0.6069,0.6145,0.4841,0.862,0.0822,0.1728,0.5809,0.7398,0.6316,0.6588,0.6478,0.5552,0.6266,0.7757
2022_Louise_PositionsBreeding_HR_model.rds,0.0891,0.315,0.0072,0.0004,0.5582,0.3526,0.3005,0.6799,0.5473,0.1603,0.0947,0.1259,0.0014,0.0224,0.0873,0.0003,0.8525,0.0113,0.3243,0.0183,0.6308,0.4399,0.0251,0.0399,0.0753,0.0009,0.4682,0.7146,0.221,0.029,0.3669,0.4256,0.0021,0.4921,0,0.0004,0.0104,0.4607,0.0006,0.5231,0.0275,0.6001,0.0306,0.1519,0,0.2562,0.5306,0.2839,0,0,0,0.0002,0.0705,0.2218,0.0042,0,0.0002,0.1395,0.8715,0.8819,0,0.0007,0.0001,0,0.8211,0.0029,0.5651,0,0.0508,0.0001,0.4708,0.3907,0.6694,0,0,0,0,0.0154,0.3281,0.0002,0.1887,0.5225,0.3317,0.0096,0.0021,0.6767,0,0.1001,0.5947,0.0505,0.6151,0,0,0.3729,0.5526,0.0435,0.0311,0.0642,0.0025,0.001,0.3841
2022_Maple_PositionsBreeding_HR_model.rds,0.6657,0.5883,0.0027,0.0078,0.2778,0.3597,0.3147,0.6862,0.1157,0.5607,0.1636,0.0898,0.1733,0.0486,0.0546,0.8918,0.5976,0.7718,0.0683,0.0018,0.5666,0.1731,0.0844,0.0161,0.6301,0.37,0.1644,0.0788,0.513,0.694,0.5289,0.1996,0.1858,0.6013,0.0004,0,0.0636,0,0.5536,0.0697,0.0046,0.0194,0.2681,0.3631,0,0.1474,0.0116,0.2564,0.055,0.2566,0.1541,0.4844,0.0053,0.1817,0.087,0.7272,0.85,0,0.8342,0,0.3389,0.9986,0.7846,0.263,0.0001,0.3287,0.0823,0.4612,0.5685,0.5269,0.4916,0.3521,0.0225,0.0675,0.0386,0.3636,0.2238,0.0081,0.22,0.6204,0.0063,0.1026,0.5308,0,0.9117,0.0102,0.3572,0.229,0.5701,0.372,0.0948,0,0.0206,0.0052,0.1657,0.3033,0.4676,0.4427,0.2817,0.4087,0.3035
2022_Mousse_PositionsBreeding_HR_model.rds,0.0783,0.072,0.0355,0.0582,0.8354,0.2521,0.3095,0.1445,0.0262,0.0811,0.0403,0.0269,0.0404,0.03,0.0274,0.0459,0.789,0.0685,0.0128,0.0369,0.7879,0.0347,0.0244,0.1512,0.0862,0.0304,0.0637,0.0282,0.1095,0.0822,0.0557,0.0281,0.0465,0.0256,0.0104,0.0636,0,0.0191,0.0672,0.006,0.0463,0.0308,0.0271,0.1189,0.0001,0.1121,0.0242,0.0319,0.0956,0.075,0.1266,0.0627,0.025,0.0282,0.0363,0.0911,0.0587,0.0099,0.0344,0.0085,0.0218,0.06,0.0871,0.0772,0.009,0.1462,0.0296,0.0395,0.0395,0.0905,0.118,0.0792,0.0221,0.1003,0.0135,0.0557,0.1491,0.022,0.0302,0.135,0.083,0.029,0.1183,0.0003,0.0518,0.0109,0.0896,0.1011,0.4434,0.0995,0.0094,0.0021,0.0055,0.0235,0.0281,0.0392,0.0357,0.0707,0.1023,0.0418,0.1301
2022_North_Miller_Sow_1_PositionsBreeding_HR_model.rds,0.0478,0.2651,0.0423,0.0074,0.4977,0.2761,0.2399,0.6022,0.2966,0.1293,0.0587,0.0185,0.0004,0.0075,0.0222,0,0.8331,0.0031,0.0551,0.0876,0.5787,0.3009,0.0009,0.1556,0.0647,0,0.5084,0.4833,0.2191,0.0131,0.276,0.145,0.0008,0.5582,0.4607,0,0.0191,0,0.0001,0.2499,0.1138,0.5713,0.0008,0.1525,0,0.3625,0.308,0.1058,0,0,0,0,0.0601,0.0537,0.0012,0,0,0.4371,0.8528,0.139,0,0,0,0,0.0792,0.0021,0.4221,0,0.0077,0,0.4173,0.3671,0.4302,0,0,0,0,0.0072,0.1177,0,0.4293,0.2999,0.2519,0.0017,0.0002,0.1249,0,0.1661,0.558,0.0292,0.2557,0,0,0.3132,0.3251,0.0021,0.0029,0.0611,0.0044,0.0001,0.3596
2022_Ombre_PositionsBreeding_HR_model.rds,0.9056,0.4634,0.0025,0.0051,0.3943,0.5269,0.4532,0.5616,0.0467,0.3446,0.0516,0.0329,0.0471,0.0176,0.0212,0.3769,0.6387,0.955,0.0418,0.002,0.6539,0.0656,0.032,0.0079,0.3308,0.116,0.0813,0.0302,0.3787,0.9464,0.3594,0.0837,0.052,0.5592,0.0006,0.5536,0.0672,0.0001,0,0.0604,0.0036,0.0081,0.1122,0.1846,0,0.0735,0.0062,0.0956,0.4103,0.8386,0.4928,0.9862,0.0039,0.0732,0.0269,0.4352,0.7708,0,0.6424,0.0002,0.0976,0.5422,0.366,0.4549,0.0004,0.7316,0.0318,0.6122,0.2554,0.2002,0.4876,0.2151,0.0103,0.4542,0.0993,0.8804,0.4731,0.0051,0.0908,0.4853,0.003,0.0393,0.5578,0,0.6198,0.0076,0.208,0.0955,0.6319,0.7484,0.0748,0.0005,0.046,0.0036,0.0707,0.0953,0.1912,0.1681,0.1209,0.8942,0.2378
2022_Rattlesnake_PositionsBreeding_HR_model.rds,0.2417,0.4163,0.0678,0.0393,0.8047,0.7196,0.7646,0.7893,0.4716,0.3008,0.2074,0.2258,0.068,0.109,0.1827,0.0691,0.8813,0.1168,0.6156,0.0836,0.8198,0.4196,0.1394,0.079,0.1865,0.0877,0.4933,0.5598,0.3189,0.1621,0.4683,0.4841,0.0716,0.9211,0.5231,0.0697,0.006,0.2499,0.0604,0,0.1001,0.3902,0.2099,0.2398,0,0.2966,0.3425,0.3369,0.0042,0.0181,0.0075,0.0553,0.1262,0.3403,0.0746,0.0276,0.0615,0.1004,0.937,0.3864,0.0299,0.0767,0.043,0.0085,0.4076,0.0288,0.4495,0.0386,0.2343,0.0399,0.5663,0.4657,0.4249,0.005,0.0018,0.0312,0.0104,0.0773,0.414,0.0346,0.2279,0.4408,0.5346,0.0026,0.1114,0.6272,0.0145,0.1733,0.6383,0.153,0.9111,0,0.0042,0.2521,0.5061,0.2097,0.2027,0.176,0.0534,0.0955,0.544
2022_Rikki_PositionsBreeding_HR_model.rds,0.123,0.4166,0.9256,0.6028,0.3872,0.2618,0.2269,0.4688,0.3246,0.396,0.3922,0.0869,0.0876,0.1705,0.1417,0.0013,0.7927,0.0249,0.0667,0.9587,0.5338,0.4691,0.0197,0.3472,0.3235,0.0011,0.5353,0.4319,0.4361,0.066,0.4207,0.2322,0.1214,0.5911,0.0275,0.0046,0.0463,0.1138,0.0036,0.1001,0,0.5509,0.0115,0.4768,0,0.5129,0.3392,0.2047,0,0,0,0.0002,0.3846,0.1443,0.134,0.0008,0.0003,0.0006,0.8477,0.0028,0,0.0046,0.0083,0,0.0044,0.0175,0.4571,0,0.0635,0.0145,0.3965,0.5128,0.2863,0,0,0,0.0004,0.2434,0.2373,0.0046,0.3628,0.3747,0.3446,0,0.0078,0.0435,0.0004,0.6124,0.549,0.0657,0.1217,0,0,0.3196,0.3579,0.0587,0.0362,0.4206,0.1733,0.0013,0.4127
2022_Split_Ear_PositionsBreeding_HR_model.rds,0.1807,0.6066,0.4115,0.1953,0.5678,0.4383,0.372,0.6732,0.8399,0.4823,0.5715,0.4235,0.146,0.3531,0.4682,0.0162,0.8659,0.0499,0.3157,0.4983,0.6544,0.8606,0.1919,0.2394,0.3592,0.0323,0.7867,0.9501,0.5355,0.0902,0.664,0.642,0.1677,0.6855,0.6001,0.0194,0.0308,0.5713,0.0081,0.3902,0.5509,0,0.1191,0.5044,0,0.5928,0.9222,0.5971,0,0.0001,0.0001,0.0017,0.5938,0.4867,0.2142,0.0047,0.0046,0.1024,0.856,0.3914,0.0037,0.022,0.0192,0,0.385,0.0146,0.949,0.0003,0.1982,0.0301,0.5857,0.7257,0.9363,0,0,0.0001,0.0009,0.3493,0.6083,0.0106,0.4232,0.8719,0.5259,0.0036,0.03,0.4654,0.0029,0.521,0.63,0.0929,0.495,0,0,0.8843,0.8384,0.2192,0.1598,0.4299,0.1247,0.0056,0.6119
2022_Squirt_PositionsBreeding_HR_model.rds,0.4367,0.5493,0.0073,0.0059,0.3617,0.3105,0.2599,0.6495,0.5157,0.5568,0.4906,0.6337,0.2091,0.2213,0.4329,0.3631,0.74,0.3265,0.4817,0.0063,0.562,0.5281,0.6983,0.0107,0.4463,0.7365,0.2842,0.3152,0.4241,0.3529,0.618,0.6827,0.1768,0.6187,0.0306,0.2681,0.0271,0.0008,0.1122,0.2099,0.0115,0.1191,0,0.3483,0,0.1752,0.1563,0.7316,0,0.0076,0.0008,0.0808,0.0635,0.805,0.1651,0.0507,0.1736,0,0.8689,0.0111,0.2414,0.3203,0.1028,0.0009,0.0221,0.0794,0.3569,0.0541,0.9176,0.0918,0.3901,0.4153,0.2256,0.0001,0.0001,0.0168,0.0046,0.0611,0.7404,0.0797,0.0121,0.4405,0.4829,0,0.4405,0.2201,0.009,0.2113,0.5467,0.2099,0.3527,0,0.0029,0.0889,0.5473,0.86,0.9549,0.4179,0.062,0.1396,0.3249
2022_Trouble_PositionsBreeding_HR_model.rds,0.5136,0.9175,0.3469,0.4872,0.6086,0.6832,0.5837,0.8978,0.5622,0.9475,0.6436,0.4207,0.4272,0.3826,0.409,0.2874,0.8867,0.3488,0.2874,0.3613,0.7224,0.6922,0.3096,0.5811,0.9044,0.2664,0.7696,0.5739,0.9804,0.4348,0.8781,0.5774,0.4926,0.6061,0.1519,0.3631,0.1189,0.1525,0.1846,0.2398,0.4768,0.5044,0.3483,0,0,0.8097,0.4067,0.5892,0.0309,0.0584,0.0963,0.1203,0.3196,0.5136,0.4134,0.3013,0.2091,0.0286,0.6486,0.0993,0.1143,0.3593,0.4595,0.0769,0.1106,0.1605,0.5931,0.0836,0.529,0.5221,0.7305,0.9342,0.4174,0.0304,0.0065,0.0715,0.1585,0.2735,0.5951,0.3814,0.4376,0.5848,0.8692,0.0006,0.3525,0.2258,0.2872,0.9699,0.6867,0.2857,0.3231,0,0.0049,0.3477,0.6175,0.538,0.4594,0.8895,0.7281,0.1274,0.8492
2022_Wanderer_PositionsBreeding_HR_model.rds,0,0,0,0,0.6108,0.0001,0.0004,0,0,0,0,0,0,0,0,0,0.1313,0,0,0,0.7472,0,0,0,0,0,0,0,0,0,0,0,0,0,0,0,0.0001,0,0,0,0,0,0,0,0,0,0,0,0,0,0,0,0,0,0,0,0,0,0,0,0,0,0,0,0,0,0,0,0,0,0.0001,0,0,0,0,0,0,0,0,0,0,0,0,0,0,0,0,0,0.0418,0,0,0,0,0,0,0,0,0,0,0,0
2022_ZZ_PositionsBreeding_HR_model.rds,0.2777,0.7191,0.3535,0.4544,0.7318,0.7128,0.6449,0.9371,0.4878,0.6801,0.4406,0.2737,0.2321,0.2528,0.2815,0.1165,0.9025,0.152,0.2096,0.3972,0.7613,0.5839,0.1767,0.8851,0.5603,0.1182,0.9635,0.5971,0.8115,0.2086,0.6842,0.4241,0.2715,0.6455,0.2562,0.1474,0.1121,0.3625,0.0735,0.2966,0.5129,0.5928,0.1752,0.8097,0,0,0.4164,0.3999,0.0126,0.0225,0.0376,0.0457,0.2828,0.3387,0.2433,0.1169,0.08,0.1309,0.5508,0.1461,0.0458,0.1465,0.1947,0.0287,0.145,0.0681,0.5819,0.0319,0.2713,0.2326,0.6847,0.8914,0.4463,0.0124,0.0025,0.0273,0.0635,0.2059,0.4198,0.1568,0.8961,0.5153,0.728,0.0012,0.1473,0.2229,0.1137,0.8681,0.6533,0.1576,0.3266,0,0.002,0.3717,0.5354,0.286,0.2319,0.5739,0.4029,0.0505,0.9347
2023_Athena1_PositionsBreeding_HR_model.rds,0.1821,0.5315,0.2426,0.0615,0.4879,0.3471,0.2882,0.5563,0.9062,0.4245,0.6079,0.5805,0.104,0.3952,0.6098,0.01,0.8342,0.0498,0.397,0.3129,0.6064,0.8753,0.256,0.1082,0.3089,0.0241,0.6108,0.907,0.4369,0.0895,0.6082,0.7373,0.1187,0.6226,0.5306,0.0116,0.0242,0.308,0.0062,0.3425,0.3392,0.9222,0.1563,0.4067,0,0.4164,0,0.7107,0,0,0,0.0012,0.6702,0.6135,0.1838,0.0014,0.0027,0.0168,0.8746,0.3895,0.0012,0.0146,0.007,0,0.4317,0.0142,0.9365,0.0001,0.2296,0.0119,0.4909,0.5963,0.9852,0,0,0,0.0002,0.3796,0.7061,0.0051,0.2154,0.9223,0.4504,0.0026,0.0245,0.5534,0.0004,0.3724,0.5939,0.0902,0.4829,0,0,0.9736,0.8662,0.2541,0.187,0.3684,0.0661,0.0052,0.4766
2023_Athena2_PositionsBreeding_HR_model.rds,0.4292,0.7642,0.1536,0.0602,0.4921,0.4347,0.3618,0.696,0.934,0.7352,0.9006,0.9378,0.4411,0.6173,0.8526,0.2931,0.8338,0.2742,0.5631,0.1681,0.6385,0.9494,0.746,0.0689,0.6392,0.4541,0.5755,0.7748,0.6337,0.3162,0.8511,0.9653,0.4357,0.6907,0.2839,0.2564,0.0319,0.1058,0.0956,0.3369,0.2047,0.5971,0.7316,0.5892,0,0.3999,0.7107,0,0.0009,0.0121,0.0051,0.0591,0.4757,0.9872,0.4674,0.0883,0.1357,0.0075,0.8727,0.2121,0.1487,0.285,0.17,0.007,0.2564,0.0703,0.8378,0.0453,0.8015,0.1806,0.5806,0.7019,0.7338,0.0013,0.0008,0.0214,0.0135,0.381,0.9895,0.1045,0.1123,0.9127,0.6414,0.0012,0.3283,0.495,0.0384,0.468,0.6285,0.2058,0.5141,0,0.002,0.591,0.9319,0.876,0.7798,0.6971,0.2106,0.0888,0.544
2023_Blue_PositionsBreeding_HR_model.rds,0.3803,0.1505,0,0,0.1434,0.2646,0.2439,0.5658,0.0002,0.0589,0,0,0,0,0,0.0052,0.2574,0.3692,0.0001,0,0.4621,0.0008,0,0.0006,0.0679,0,0.0094,0.0003,0.1265,0.3934,0.0797,0.001,0,0.444,0,0.055,0.0956,0,0.4103,0.0042,0,0,0,0.0309,0,0.0126,0,0.0009,0,0.6161,0.8685,0.3818,0,0.0001,0,0.1412,0.1372,0,0.753,0,0,0.0473,0.0446,0.4798,0,0.6229,0.0001,0.0155,0.0047,0.0104,0.3835,0.0481,0,0.9856,0.0187,0.2143,0.7053,0,0.0007,0.2576,0,0.0001,0.2175,0,0.0443,0,0.0459,0.0092,0.4595,0.3688,0.0023,0.0001,0,0,0.001,0.0001,0.0008,0.0097,0.0104,0.1713,0.0766
2023_Blue2_PositionsBreeding_HR_model.rds,0.6204,0.259,0,0,0.2344,0.3532,0.3161,0.5801,0.004,0.1389,0.002,0.0006,0.0008,0.0001,0.0002,0.1155,0.4033,0.7123,0.0031,0,0.5473,0.0076,0.0003,0.0005,0.131,0.006,0.024,0.0026,0.1997,0.6638,0.1697,0.0106,0.001,0.5277,0,0.2566,0.075,0,0.8386,0.0181,0,0.0001,0.0076,0.0584,0,0.0225,0,0.0121,0.6161,0,0.5868,0.8619,0,0.0052,0.0002,0.2124,0.5201,0,0.7555,0,0.0081,0.2429,0.1275,0.4835,0,0.7023,0.0021,0.3802,0.0532,0.03,0.4047,0.0894,0.0002,0.6772,0.1337,0.812,0.4838,0,0.0106,0.2842,0.0001,0.0027,0.3363,0,0.2767,0.0001,0.0428,0.0203,0.5143,0.5308,0.0167,0.0003,0.0131,0,0.0098,0.0046,0.0261,0.0337,0.0144,0.5608,0.1194
